1300000000.000000 2.996498 0.020113 -0.512762 0.009976 1.411050 0.010045
1301000000.000000 3.002051 0.020038 -0.513967 0.010049 1.383418 0.010118
1302000000.000000 2.993802 0.020094 -0.493580 0.010176 1.374943 0.010081
1303000000.000000 2.998166 0.019799 -0.465470 0.010040 1.350531 0.010060
1304000000.000000 2.992665 0.019945 -0.425017 0.010190 1.349049 0.010005
1305000000.000000 2.963205 0.019953 -0.409653 0.009917 1.303217 0.010033
1306000000.000000 2.977711 0.019883 -0.368750 0.010033 1.295458 0.009890
1307000000.000000 3.000349 0.019681 -0.328329 0.009926 1.274398 0.009971
1308000000.000000 3.020092 0.019896 -0.292720 0.009935 1.241394 0.009878
1309000000.000000 2.999434 0.020026 -0.258593 0.009970 1.215697 0.010066
1310000000.000000 2.991876 0.020085 -0.228801 0.009847 1.178863 0.009992
1311000000.000000 2.951451 0.019331 -0.203239 0.009933 1.161376 0.010077
1312000000.000000 2.976030 0.020095 -0.143185 0.009931 1.161259 0.010037
1313000000.000000 2.974177 0.020009 -0.113953 0.009988 1.143467 0.009835
1314000000.000000 2.978660 0.020130 -0.041846 0.010033 1.124823 0.009901
1315000000.000000 2.972127 0.019984 0.000116 0.010000 1.084231 0.010018
1316000000.000000 2.968164 0.019796 0.039842 0.010032 1.081840 0.010130
1317000000.000000 2.949352 0.019856 0.099270 0.009725 1.051796 0.009798
1318000000.000000 2.964853 0.019886 0.154593 0.009901 1.064480 0.010143
1319000000.000000 2.951864 0.020106 0.198698 0.010033 1.039854 0.010005
1320000000.000000 2.937728 0.019837 0.238803 0.010049 1.021469 0.010031
1321000000.000000 2.970820 0.020124 0.299210 0.009944 1.013153 0.010010
1322000000.000000 2.966428 0.020069 0.357998 0.009954 1.027702 0.010157
1323000000.000000 2.943953 0.019898 0.416256 0.010066 1.028893 0.010010
1324000000.000000 2.953653 0.020117 0.461286 0.009996 1.010279 0.009981
1325000000.000000 2.915824 0.019786 0.511615 0.010139 1.016184 0.010016
1326000000.000000 2.959571 0.020071 0.556924 0.010085 1.007992 0.009875
1327000000.000000 2.947695 0.020148 0.592283 0.009828 1.016546 0.009937
1328000000.000000 2.939562 0.019986 0.648446 0.010003 1.034551 0.009866
1329000000.000000 2.933157 0.020200 0.682370 0.009876 1.022871 0.010249
1330000000.000000 2.940154 0.019833 0.715226 0.009980 1.032780 0.009942
1331000000.000000 2.944209 0.019837 0.768635 0.009935 1.048411 0.009972
1332000000.000000 2.953101 0.020321 0.774548 0.009992 1.031463 0.010244
1333000000.000000 2.963838 0.020009 0.824936 0.009873 1.058506 0.009864
1334000000.000000 2.950554 0.019635 0.870341 0.010000 1.065405 0.009998
1335000000.000000 2.954784 0.020207 0.896227 0.010025 1.069674 0.009729
1336000000.000000 2.960645 0.019855 0.908295 0.009996 1.085524 0.009991
1337000000.000000 2.890852 0.019899 0.947918 0.009928 1.096963 0.010087
1338000000.000000 2.931450 0.019960 0.968058 0.010001 1.127835 0.009954
1339000000.000000 2.922440 0.020195 0.995206 0.010067 1.131107 0.010162
1340000000.000000 2.929880 0.020250 1.012364 0.009909 1.124112 0.009960
1341000000.000000 2.945257 0.019889 1.026920 0.009932 1.127423 0.010143
1342000000.000000 2.932065 0.020016 1.015948 0.010106 1.126488 0.010024
1343000000.000000 2.889830 0.020023 1.023395 0.009988 1.137779 0.009961
1344000000.000000 2.938192 0.019807 1.037004 0.009999 1.140784 0.010033
1345000000.000000 2.909907 0.019578 1.045597 0.010104 1.146164 0.010005
1346000000.000000 2.936517 0.019831 1.046953 0.010151 1.136032 0.010085
1347000000.000000 2.910047 0.019903 1.055879 0.010104 1.127793 0.010056
1348000000.000000 2.902311 0.020002 1.041911 0.009990 1.120108 0.009866
1349000000.000000 2.911762 0.020067 1.045057 0.010175 1.109077 0.009843
1350000000.000000 2.916786 0.020096 1.053852 0.009962 1.134254 0.009940
1351000000.000000 2.893942 0.020142 1.047104 0.009998 1.090875 0.009958
1352000000.000000 2.924596 0.020136 1.020591 0.009839 1.097093 0.009961
1353000000.000000 2.880929 0.019939 1.015377 0.009923 1.071294 0.009942
1354000000.000000 2.905507 0.020053 1.019165 0.010121 1.038056 0.010040
1355000000.000000 2.894179 0.020089 1.010007 0.009994 1.038177 0.010108
1356000000.000000 2.897109 0.019859 0.997214 0.010023 0.987140 0.009894
1357000000.000000 2.886165 0.019872 0.976704 0.010063 0.986982 0.010046
1358000000.000000 2.920017 0.020230 0.988879 0.010039 0.958087 0.009879
1359000000.000000 2.936575 0.019710 0.978988 0.010034 0.912525 0.010182
1360000000.000000 2.885990 0.020330 0.978843 0.009925 0.894811 0.010042
1361000000.000000 2.868444 0.020009 0.956304 0.010009 0.850063 0.009958
1362000000.000000 2.938495 0.020350 0.973384 0.009929 0.828172 0.010107
1363000000.000000 2.920308 0.020199 0.951774 0.010023 0.784766 0.009965
1364000000.000000 2.879321 0.019966 0.936036 0.010008 0.752770 0.010073
1365000000.000000 2.875388 0.019970 0.949428 0.010004 0.700765 0.010128
1366000000.000000 2.921157 0.019887 0.957132 0.010030 0.680552 0.009957
1367000000.000000 2.881898 0.020123 0.945924 0.009973 0.617012 0.010058
1368000000.000000 2.885850 0.019854 0.934300 0.009903 0.581033 0.009958
1369000000.000000 2.846347 0.020383 0.954899 0.009988 0.530692 0.010233
1370000000.000000 2.924934 0.019940 0.932172 0.009985 0.505188 0.009993
1371000000.000000 2.878972 0.020136 0.961236 0.009927 0.438818 0.010011
1372000000.000000 2.865262 0.020075 0.963648 0.010097 0.416690 0.009910
1373000000.000000 2.871468 0.020012 0.971170 0.009921 0.366013 0.010194
1374000000.000000 2.841389 0.019716 0.968185 0.010063 0.321869 0.010106
1375000000.000000 2.888059 0.020066 1.000886 0.010008 0.288844 0.009945
1376000000.000000 2.866470 0.020088 0.999047 0.010054 0.240400 0.009911
1377000000.000000 2.856269 0.020135 1.008997 0.009895 0.186068 0.010104
1378000000.000000 2.861007 0.020106 1.056940 0.009994 0.159137 0.009873
1379000000.000000 2.858129 0.019864 1.032881 0.010127 0.107347 0.010000
1380000000.000000 2.868405 0.020234 1.057294 0.010064 0.062935 0.010014
1381000000.000000 2.873786 0.019952 1.065221 0.009923 0.015147 0.010115
1382000000.000000 2.845047 0.020106 1.108007 0.009986 -0.005544 0.010054
1383000000.000000 2.855487 0.020277 1.126588 0.010098 -0.046906 0.010022
1384000000.000000 2.832550 0.020257 1.127126 0.010071 -0.067801 0.010086
1385000000.000000 2.865462 0.020262 1.164212 0.009974 -0.096171 0.010051
1386000000.000000 2.822147 0.019833 1.171225 0.009893 -0.143839 0.010016
1387000000.000000 2.844196 0.020334 1.205049 0.010067 -0.173807 0.010094
1388000000.000000 2.844031 0.020030 1.216451 0.009847 -0.205884 0.010048
1389000000.000000 2.846185 0.019596 1.233654 0.009906 -0.227186 0.009997
1390000000.000000 2.864207 0.019972 1.265357 0.009996 -0.249583 0.009992
1391000000.000000 2.869997 0.019627 1.255446 0.010193 -0.272173 0.009999
1392000000.000000 2.847081 0.019935 1.291679 0.010124 -0.288147 0.009980
1393000000.000000 2.835848 0.020074 1.309589 0.009842 -0.319831 0.010062
1394000000.000000 2.807944 0.019895 1.342350 0.009843 -0.326143 0.009905
1395000000.000000 2.857282 0.019726 1.327751 0.009906 -0.339416 0.009884
1396000000.000000 2.841563 0.019741 1.370919 0.010049 -0.358696 0.009900
1397000000.000000 2.848249 0.019923 1.381071 0.009962 -0.367739 0.010083
1398000000.000000 2.796558 0.019994 1.394836 0.010143 -0.375732 0.010027
1399000000.000000 2.897531 0.020199 1.415084 0.009947 -0.389458 0.009940
1400000000.000000 2.837270 0.020024 1.403829 0.009809 -0.397887 0.009909
1401000000.000000 2.815217 0.019985 1.417034 0.009980 -0.396247 0.010065
1402000000.000000 2.813719 0.019835 1.418340 0.010005 -0.420148 0.010067
1403000000.000000 2.826072 0.019930 1.432796 0.010088 -0.433741 0.009939
1404000000.000000 2.829593 0.020124 1.446940 0.010203 -0.422933 0.010005
1405000000.000000 2.838753 0.020243 1.430284 0.009897 -0.431509 0.009956
1406000000.000000 2.823650 0.020039 1.437105 0.009886 -0.408479 0.010081
1407000000.000000 2.826294 0.020176 1.435733 0.009839 -0.436921 0.010065
1408000000.000000 2.817927 0.020192 1.435245 0.009889 -0.436756 0.009945
1409000000.000000 2.821854 0.020111 1.411830 0.009831 -0.421494 0.009846
1410000000.000000 2.814031 0.020245 1.409161 0.009896 -0.449083 0.009780
1411000000.000000 2.815206 0.019848 1.402348 0.009953 -0.436152 0.009859
1412000000.000000 2.815438 0.020090 1.418696 0.009906 -0.449621 0.009945
1413000000.000000 2.790238 0.020178 1.377567 0.010111 -0.434954 0.010076
1414000000.000000 2.799909 0.020090 1.355921 0.009849 -0.429495 0.009897
1415000000.000000 2.820662 0.020271 1.345177 0.010026 -0.438130 0.010113
1416000000.000000 2.829085 0.019912 1.326103 0.010044 -0.440215 0.010052
1417000000.000000 2.792673 0.019936 1.300384 0.009905 -0.422293 0.009888
1418000000.000000 2.819343 0.020030 1.288611 0.009868 -0.434984 0.009923
1419000000.000000 2.845636 0.019879 1.277210 0.010026 -0.455248 0.010015
1420000000.000000 2.811980 0.020174 1.227376 0.010053 -0.440933 0.009964
1421000000.000000 2.811139 0.020011 1.203721 0.010065 -0.460157 0.010127
1422000000.000000 2.780832 0.020188 1.183575 0.009956 -0.472965 0.010072
1423000000.000000 2.802020 0.020191 1.160950 0.010179 -0.476054 0.009980
1424000000.000000 2.782357 0.019701 1.124130 0.010017 -0.491020 0.009964
1425000000.000000 2.807349 0.020372 1.098293 0.009902 -0.501713 0.009833
1426000000.000000 2.834716 0.019942 1.082707 0.009957 -0.506300 0.009926
1427000000.000000 2.789411 0.020036 1.032820 0.009930 -0.521574 0.010166
1428000000.000000 2.816790 0.019710 1.020074 0.009916 -0.539736 0.010052
1429000000.000000 2.822825 0.019925 0.973342 0.010033 -0.540307 0.009946
1430000000.000000 2.742558 0.020056 0.948979 0.010059 -0.555965 0.010065
1431000000.000000 2.782374 0.020470 0.904016 0.010151 -0.569114 0.009823
1432000000.000000 2.821869 0.019835 0.892383 0.009963 -0.597863 0.010121
1433000000.000000 2.760311 0.019873 0.827735 0.010022 -0.629724 0.009755
1434000000.000000 2.751948 0.020437 0.799125 0.010269 -0.631411 0.009901
1435000000.000000 2.808456 0.020028 0.766971 0.010087 -0.672219 0.010006
1436000000.000000 2.783265 0.020269 0.744495 0.009874 -0.673812 0.010092
1437000000.000000 2.763225 0.020235 0.702138 0.009879 -0.710573 0.009887
1438000000.000000 2.756897 0.019897 0.677896 0.010062 -0.715372 0.009939
1439000000.000000 2.818860 0.020051 0.681037 0.009875 -0.744341 0.010030
1440000000.000000 2.782745 0.020286 0.636473 0.009949 -0.782560 0.010068
1441000000.000000 2.753906 0.020129 0.599825 0.009974 -0.797524 0.010066
1442000000.000000 2.767454 0.020056 0.589525 0.009937 -0.821318 0.010029
1443000000.000000 2.736407 0.020115 0.538632 0.010067 -0.860388 0.010099
1444000000.000000 2.779729 0.020260 0.541956 0.010025 -0.867161 0.010063
1445000000.000000 2.778868 0.019870 0.514367 0.010093 -0.912956 0.010098
1446000000.000000 2.759533 0.019832 0.470139 0.009998 -0.923405 0.010100
1447000000.000000 2.734001 0.020076 0.473933 0.009862 -0.956478 0.010099
1448000000.000000 2.804645 0.019533 0.457211 0.010031 -0.988780 0.010053
1449000000.000000 2.768039 0.020196 0.439546 0.009801 -0.993183 0.009885
1450000000.000000 2.792933 0.019749 0.382256 0.009980 -1.033922 0.010056
1451000000.000000 2.726058 0.019830 0.373265 0.010077 -1.071495 0.010149
1452000000.000000 2.785455 0.019898 0.352867 0.010012 -1.103690 0.010063
1453000000.000000 2.792369 0.019659 0.372147 0.010000 -1.138550 0.009949
1454000000.000000 2.769545 0.019981 0.339828 0.009978 -1.146406 0.009933
1455000000.000000 2.707597 0.020063 0.329944 0.010205 -1.163241 0.009870
1456000000.000000 2.771048 0.019601 0.317236 0.009977 -1.174617 0.009836
1457000000.000000 2.766023 0.020376 0.326093 0.010159 -1.204936 0.009996
1458000000.000000 2.759496 0.020248 0.311792 0.009966 -1.243436 0.009923
1459000000.000000 2.712073 0.020270 0.311786 0.009994 -1.261396 0.009840
1460000000.000000 2.738909 0.020128 0.293330 0.010205 -1.274712 0.010057
1461000000.000000 2.734447 0.019788 0.281954 0.009945 -1.294709 0.010188
1462000000.000000 2.756216 0.020363 0.273208 0.010128 -1.305186 0.010059
1463000000.000000 2.745178 0.020248 0.278260 0.010055 -1.329049 0.010220
1464000000.000000 2.746034 0.019961 0.288027 0.009970 -1.353056 0.009841
1465000000.000000 2.767379 0.019952 0.262855 0.010053 -1.364735 0.009924
1466000000.000000 2.746832 0.020051 0.246348 0.010054 -1.387283 0.009918
1467000000.000000 2.770929 0.019747 0.252444 0.010047 -1.403739 0.010114
1468000000.000000 2.763241 0.019972 0.252706 0.009974 -1.382985 0.010008
1469000000.000000 2.726605 0.020071 0.254124 0.009953 -1.413517 0.010020
1470000000.000000 2.731410 0.020379 0.233969 0.010140 -1.412040 0.009980
1471000000.000000 2.728543 0.019922 0.253447 0.010072 -1.414149 0.009915
1472000000.000000 2.752162 0.019959 0.244029 0.010028 -1.433868 0.010055
1473000000.000000 2.716123 0.019909 0.233789 0.009939 -1.417882 0.010154
1474000000.000000 2.727926 0.019977 0.249109 0.009955 -1.430641 0.010060
1475000000.000000 2.719041 0.019740 0.239974 0.010056 -1.435226 0.010121
1476000000.000000 2.765022 0.019968 0.223114 0.009783 -1.432401 0.009816
1477000000.000000 2.725332 0.020122 0.232028 0.009949 -1.416035 0.010082
1478000000.000000 2.751437 0.019824 0.227768 0.009936 -1.405162 0.010143
1479000000.000000 2.719213 0.020272 0.206333 0.010070 -1.414275 0.009941
1480000000.000000 2.708813 0.019780 0.241007 0.010121 -1.393906 0.010098
1481000000.000000 2.697196 0.019923 0.215978 0.010145 -1.396422 0.010040
1482000000.000000 2.716303 0.020051 0.214439 0.009967 -1.387286 0.010057
1483000000.000000 2.744948 0.020011 0.207948 0.009993 -1.375791 0.010154
1484000000.000000 2.729397 0.019970 0.200838 0.009917 -1.356896 0.010073
1485000000.000000 2.694788 0.020194 0.190886 0.010063 -1.347492 0.010044
1486000000.000000 2.675633 0.019889 0.183751 0.010117 -1.352966 0.010046
1487000000.000000 2.739073 0.020005 0.169581 0.009860 -1.327190 0.009866
1488000000.000000 2.706332 0.019752 0.162453 0.009929 -1.330569 0.010037
1489000000.000000 2.711846 0.020234 0.165041 0.009970 -1.307298 0.009852
1490000000.000000 2.712691 0.019980 0.126272 0.009946 -1.261050 0.009893
1491000000.000000 2.721569 0.019946 0.133360 0.009898 -1.254217 0.010145
1492000000.000000 2.684803 0.020401 0.091891 0.010094 -1.234511 0.010071
1493000000.000000 2.761527 0.019738 0.093860 0.010073 -1.223280 0.010134
1494000000.000000 2.729132 0.020082 0.098636 0.010129 -1.214405 0.010061
1495000000.000000 2.730094 0.019746 0.072100 0.010006 -1.173040 0.009989
1496000000.000000 2.699459 0.019430 0.061954 0.010077 -1.166442 0.010047
1497000000.000000 2.678310 0.020060 0.022177 0.010035 -1.162761 0.010157
1498000000.000000 2.739467 0.020247 0.002716 0.009815 -1.143234 0.009872
1499000000.000000 2.673482 0.020401 -0.011248 0.010059 -1.118712 0.009995
1500000000.000000 2.669908 0.019987 -0.027365 0.009854 -1.101269 0.010090
1501000000.000000 2.720268 0.020147 -0.061414 0.009984 -1.073161 0.010002
1502000000.000000 2.724458 0.020406 -0.057654 0.010082 -1.049158 0.009989
1503000000.000000 2.679751 0.020279 -0.085868 0.010150 -1.028942 0.010142
1504000000.000000 2.672427 0.020275 -0.129191 0.010106 -1.018131 0.010007
1505000000.000000 2.711854 0.019969 -0.162757 0.010093 -1.009846 0.010150
1506000000.000000 2.670480 0.019745 -0.188014 0.009778 -0.988894 0.010008
1507000000.000000 2.697619 0.020037 -0.208266 0.009976 -0.990276 0.010045
1508000000.000000 2.660833 0.019838 -0.232531 0.009715 -0.969089 0.009924
1509000000.000000 2.703421 0.019878 -0.262789 0.010072 -0.925423 0.010060
1510000000.000000 2.713202 0.020437 -0.290775 0.010000 -0.923718 0.010102
1511000000.000000 2.693055 0.019607 -0.315713 0.010054 -0.908943 0.010031
1512000000.000000 2.737248 0.020103 -0.337128 0.010142 -0.915074 0.010198
1513000000.000000 2.653301 0.020005 -0.376679 0.010050 -0.882377 0.009975
1514000000.000000 2.654792 0.020286 -0.411824 0.010076 -0.885372 0.009976
1515000000.000000 2.673515 0.020026 -0.420266 0.009900 -0.853458 0.009918
1516000000.000000 2.683017 0.019923 -0.459979 0.010249 -0.858974 0.010053
1517000000.000000 2.654723 0.019741 -0.481817 0.009863 -0.848453 0.010056
1518000000.000000 2.657451 0.020021 -0.514506 0.010041 -0.839280 0.009913
1519000000.000000 2.658525 0.020445 -0.537586 0.009985 -0.822118 0.010058
1520000000.000000 2.689234 0.020271 -0.575671 0.010036 -0.826598 0.009999
1521000000.000000 2.668817 0.019828 -0.622196 0.010047 -0.810682 0.009959
1522000000.000000 2.662518 0.019657 -0.626864 0.010116 -0.795428 0.009846
1523000000.000000 2.672667 0.019956 -0.670052 0.009971 -0.800363 0.009928
1524000000.000000 2.684940 0.019791 -0.689638 0.009840 -0.800017 0.010061
1525000000.000000 2.649017 0.019839 -0.700561 0.010158 -0.785672 0.010289
1526000000.000000 2.659797 0.019833 -0.730100 0.010126 -0.789806 0.010074
1527000000.000000 2.662368 0.020018 -0.777941 0.010025 -0.814535 0.009859
1528000000.000000 2.638746 0.019892 -0.800098 0.010088 -0.791723 0.010150
1529000000.000000 2.673708 0.019983 -0.820028 0.009869 -0.810818 0.010100
1530000000.000000 2.634434 0.020462 -0.839509 0.009970 -0.807598 0.009921
1531000000.000000 2.649705 0.019963 -0.873701 0.009876 -0.779877 0.009954
1532000000.000000 2.664870 0.019939 -0.871937 0.010019 -0.788034 0.009924
1533000000.000000 2.677681 0.020145 -0.892330 0.010174 -0.793275 0.009969
1534000000.000000 2.667477 0.020157 -0.938434 0.010012 -0.768795 0.010099
1535000000.000000 2.585852 0.020102 -0.954840 0.009957 -0.791333 0.010074
1536000000.000000 2.668996 0.020255 -0.964816 0.010070 -0.795704 0.010019
1537000000.000000 2.684524 0.019589 -0.982184 0.009900 -0.783055 0.009970
1538000000.000000 2.639300 0.019846 -1.013194 0.009973 -0.793501 0.009868
1539000000.000000 2.659654 0.019838 -1.017458 0.010039 -0.800020 0.010062
1540000000.000000 2.660448 0.020278 -1.028825 0.010084 -0.786072 0.009841
1541000000.000000 2.652948 0.019622 -1.042380 0.009979 -0.813000 0.010081
1542000000.000000 2.649479 0.019729 -1.063767 0.010171 -0.787964 0.009899
1543000000.000000 2.660710 0.020109 -1.085405 0.009978 -0.808754 0.009853
1544000000.000000 2.657209 0.019993 -1.088345 0.010006 -0.815135 0.010067
1545000000.000000 2.633277 0.020061 -1.081757 0.009967 -0.812203 0.010024
1546000000.000000 2.628734 0.020310 -1.104642 0.010027 -0.801562 0.010044
1547000000.000000 2.657978 0.019961 -1.104993 0.010088 -0.817538 0.009991
1548000000.000000 2.664024 0.020114 -1.103490 0.009870 -0.812804 0.009973
1549000000.000000 2.635074 0.020138 -1.118697 0.010017 -0.808141 0.010025
1550000000.000000 2.621112 0.020150 -1.127151 0.009950 -0.835441 0.010007
1551000000.000000 2.654815 0.020123 -1.128790 0.010263 -0.817689 0.009865
1552000000.000000 2.658046 0.020148 -1.121682 0.009751 -0.805395 0.009905
1553000000.000000 2.626279 0.019999 -1.120384 0.009995 -0.820343 0.010082
1554000000.000000 2.638068 0.019779 -1.129064 0.010014 -0.812271 0.009978
1555000000.000000 2.659142 0.019843 -1.127070 0.009942 -0.821491 0.009872
1556000000.000000 2.629532 0.019995 -1.120071 0.010011 -0.799548 0.010028
1557000000.000000 2.617187 0.020159 -1.158460 0.009866 -0.805727 0.010151
1558000000.000000 2.626062 0.019663 -1.132815 0.009953 -0.805341 0.010169
1559000000.000000 2.659326 0.019751 -1.138726 0.009854 -0.779835 0.009964
1560000000.000000 2.630231 0.020262 -1.124290 0.009911 -0.809300 0.010020
1561000000.000000 2.627325 0.020189 -1.124497 0.010083 -0.795284 0.010024
1562000000.000000 2.598965 0.020415 -1.099395 0.009965 -0.792339 0.009906
1563000000.000000 2.644536 0.019975 -1.104308 0.010005 -0.772667 0.009962
1564000000.000000 2.627281 0.020045 -1.097102 0.010054 -0.759372 0.009932
1565000000.000000 2.608481 0.020154 -1.111986 0.010210 -0.739644 0.009972
1566000000.000000 2.590120 0.019899 -1.100625 0.009804 -0.738270 0.010039
1567000000.000000 2.594678 0.019786 -1.074678 0.010042 -0.717996 0.009979
1568000000.000000 2.597408 0.020273 -1.074656 0.009996 -0.739998 0.010097
1569000000.000000 2.620876 0.019751 -1.082366 0.010054 -0.706836 0.010135
1570000000.000000 2.646972 0.019984 -1.058105 0.009951 -0.703259 0.009892
1571000000.000000 2.604239 0.019955 -1.068114 0.009996 -0.704056 0.009848
1572000000.000000 2.622040 0.020514 -1.037294 0.010149 -0.671578 0.009904
1573000000.000000 2.624900 0.020049 -1.032881 0.010025 -0.658332 0.009947
1574000000.000000 2.615141 0.019568 -1.038516 0.009728 -0.641520 0.010006
1575000000.000000 2.614654 0.019889 -1.034958 0.010114 -0.617027 0.010063
1576000000.000000 2.610367 0.019995 -1.025791 0.010086 -0.605747 0.010172
1577000000.000000 2.582886 0.019896 -1.021445 0.009995 -0.582861 0.009931
1578000000.000000 2.654706 0.019804 -1.005150 0.009864 -0.562150 0.009935
1579000000.000000 2.578473 0.019820 -1.017589 0.009928 -0.536599 0.009886
1580000000.000000 2.619294 0.020117 -0.996923 0.010179 -0.547513 0.009914
1581000000.000000 2.633285 0.019791 -0.989678 0.010057 -0.516201 0.009938
1582000000.000000 2.557020 0.020096 -0.974541 0.009968 -0.470480 0.010041
1583000000.000000 2.592111 0.020010 -0.983848 0.010010 -0.472522 0.010153
1584000000.000000 2.599859 0.019806 -0.944019 0.010007 -0.460326 0.009924
1585000000.000000 2.585486 0.020067 -0.949894 0.010059 -0.440250 0.009953
1586000000.000000 2.563718 0.020002 -0.942376 0.009872 -0.411671 0.009921
1587000000.000000 2.610196 0.019881 -0.945848 0.010041 -0.366274 0.009884
1588000000.000000 2.593940 0.020120 -0.928716 0.010122 -0.354928 0.010153
1589000000.000000 2.584406 0.020051 -0.926725 0.009982 -0.327884 0.010017
1590000000.000000 2.586147 0.019737 -0.938564 0.010004 -0.293283 0.009838
1591000000.000000 2.580847 0.020148 -0.947890 0.009878 -0.288147 0.009835
1592000000.000000 2.585194 0.019750 -0.932351 0.009994 -0.244175 0.010008
1593000000.000000 2.553256 0.020086 -0.930551 0.010040 -0.213083 0.010146
1594000000.000000 2.541792 0.020179 -0.928391 0.010040 -0.213659 0.009986
1595000000.000000 2.544901 0.020403 -0.918030 0.010001 -0.173017 0.009891
1596000000.000000 2.591373 0.020101 -0.929563 0.009967 -0.132223 0.009921
1597000000.000000 2.580282 0.020133 -0.917892 0.009973 -0.089488 0.010075
1598000000.000000 2.585355 0.019950 -0.933273 0.009888 -0.109585 0.009788
1599000000.000000 2.606594 0.019745 -0.930101 0.010061 -0.075494 0.009923
